X - Plot 0	Y - Plot 0	X - Plot 1	Y - Plot 1	X - Plot 2	Y - Plot 2	X - Plot 3	Y - Plot 3
-2.90909	-4.30385	-1.54545	-5.77226	-0.787879	-7.09607	-0.787879	-8.31358
-2.90761	-4.30422	-1.5246	-5.77426	-0.780806	-7.09657	-0.772149	-8.31561
-2.75758	-4.33833	-1.39394	-5.78515	-0.636364	-7.10564	-0.636364	-8.33258
-2.70002	-4.34908	-1.35635	-5.78765	-0.616826	-7.10654	-0.593672	-8.33718
-2.60606	-4.3637	-1.24242	-5.79365	-0.484848	-7.11152	-0.484848	-8.34843
-2.51583	-4.37521	-1.19515	-5.79539	-0.458392	-7.11207	-0.421256	-8.3539
-2.45455	-4.38065	-1.09091	-5.79768	-0.333333	-7.1136	-0.333333	-8.36105
-2.34805	-4.38823	-1.04036	-5.79802	-0.305123	-7.11348	-0.254492	-8.3661
-2.30303	-4.38938	-0.939394	-5.79709	-0.181818	-7.11178	-0.181818	-8.37038
-2.19283	-4.39119	-0.89143	-5.79595	-0.15668	-7.11102	-0.0930109	-8.37408
-2.15152	-4.38977	-0.787879	-5.79173	-0.030303	-7.10594	-0.030303	-8.37634
-2.04793	-4.3859	-0.747922	-5.78954	-0.0127622	-7.10494	0.0635208	-8.37809
-2	-4.38147	-0.636364	-5.78143	0.121212	-7.09594	0.121212	-8.37883
-1.91196	-4.37346	-0.609454	-5.7791	0.126903	-7.09546	0.215406	-8.37839
-1.84848	-4.364	-0.484848	-5.76598	0.174951	-7.09091	0.272727	-8.37776
-1.78396	-4.35465	-0.475694	-5.7649	0.262397	-7.08264	0.362922	-8.37519
-1.69697	-4.33679	-0.422798	-5.75758	0.272727	-7.08155	0.424242	-8.37303
-1.66319	-4.33005	-0.346546	-5.74701	0.393958	-7.06668	0.506322	-8.36869
-1.55996	-4.30303	-0.333333	-5.74489	0.424242	-7.0626	0.575758	-8.36454
-1.54918	-4.30005	-0.221772	-5.72561	0.521889	-7.04781	0.64584	-8.3591
-1.54545	-4.29874	-0.181818	-5.7178	0.575758	-7.03897	0.727273	-8.35217
-1.44288	-4.26388	-0.101006	-5.70101	0.646384	-7.0262	0.781692	-8.34657
-1.39394	-4.24353	-0.030303	-5.68466	0.727273	-7.01049	0.878788	-8.33581
-1.34272	-4.22279	0.0159665	-5.67338	0.767623	-7.00198	0.914078	-8.33126
-1.25764	-4.18182	0.121212	-5.64516	0.878788	-6.97698	1.0303	-8.31534
-1.24853	-4.17693	0.129348	-5.64287	0.885776	-6.97529	1.04319	-8.31334
-1.24242	-4.1731	0.150622	-5.63636	0.907585	-6.9697	1.10611	-8.30303
-1.16301	-4.12414	0.23874	-5.60917	1.00052	-6.94587	1.16897	-8.29276
-1.09091	-4.07305	0.272727	-5.59776	1.0303	-6.93779	1.18182	-8.29054
-1.08261	-4.06725	0.344668	-5.5727	1.11233	-6.91411	1.29156	-8.26961
-1.07423	-4.06061	0.424242	-5.54275	1.18182	-6.89295	1.33333	-8.26125
-1.0125	-4.00212	0.447451	-5.53372	1.22145	-6.88019	1.41131	-8.2442
-0.953377	-3.93939	0.491856	-5.51515	1.31519	-6.84848	1.48485	-8.22741
-0.948294	-3.93227	0.546692	-5.4919	1.32794	-6.84417	1.52839	-8.21665
-0.939394	-3.91849	0.575758	-5.47866	1.33333	-6.84224	1.63636	-8.18888
-0.896838	-3.85223	0.64256	-5.44738	1.4313	-6.80565	1.64293	-8.18707
-0.876885	-3.81818	0.727273	-5.40499	1.48485	-6.78468	1.66124	-8.18182
-0.857138	-3.76277	0.735683	-5.40067	1.53232	-6.76525	1.75451	-8.15512
-0.835486	-3.69697	0.747985	-5.39394	1.6211	-6.72727	1.78788	-8.1452
-0.83258	-3.66121	0.82503	-5.35093	1.63103	-6.72301	1.86366	-8.12123
-0.826087	-3.57576	0.878788	-5.31902	1.63636	-6.72061	1.93939	-8.09641
-0.832878	-3.53976	0.911663	-5.29903	1.72679	-6.6784	1.97062	-8.08558
-0.848109	-3.45455	0.952481	-5.27273	1.78788	-6.64865	2.04024	-8.06061
-0.883028	-3.37843	0.99508	-5.24455	1.82051	-6.63216	2.07523	-8.04806
-0.902905	-3.33333	1.0303	-5.21987	1.87012	-6.60606	2.09091	-8.04225
-0.939394	-3.28366	1.07538	-5.18758	1.91182	-6.584	2.17732	-8.00853
-0.996233	-3.21212	1.12307	-5.15152	1.93939	-6.5688	2.24242	-7.98229
-1.09091	-3.12871	1.15279	-5.12829	2.00069	-6.53389	2.27751	-7.96746
-1.13892	-3.09091	1.18182	-5.10434	2.0835	-6.48485	2.34194	-7.93939
-1.24242	-3.02885	1.2269	-5.06637	2.08774	-6.48232	2.3756	-7.92472
-1.35854	-2.9697	1.2676	-5.0303	2.09091	-6.48035	2.39394	-7.91648
-1.39394	-2.95516	1.29811	-5.00212	2.17198	-6.4285	2.47138	-7.88014
-1.42437	-2.94536	1.33333	-4.96791	2.24242	-6.38173	2.54545	-7.84432
-1.54545	-2.90285	1.36618	-4.93536	2.25462	-6.37339	2.56551	-7.83423
-1.66904	-2.87083	1.39145	-4.90909	2.26839	-6.36364	2.59649	-7.81818
-1.69697	-2.86265	1.43091	-4.86594	2.33465	-6.31621	2.65745	-7.78657
-1.7688	-2.84848	1.48485	-4.8041	2.39394	-6.2722	2.69697	-7.76546
-1.84848	-2.83513	1.49309	-4.79447	2.413	-6.25767	2.74756	-7.73744
-1.86689	-2.83376	1.49848	-4.78788	2.43232	-6.24242	2.81862	-7.69697
-2	-2.81827	1.55098	-4.71957	2.48891	-6.19719	2.83605	-7.68702
-2.03872	-2.81751	1.58989	-4.66667	2.54545	-6.15037	2.84848	-7.67972
-2.15152	-2.81022	1.60631	-4.64263	2.56314	-6.13536	2.92236	-7.63486
-2.19732	-2.81184	1.63636	-4.59668	2.57926	-6.12121	3	-7.58639
-2.30303	-2.81059	1.65807	-4.56282	2.63494	-6.07158	3.00736	-7.58165
-2.34554	-2.81448	1.66876	-4.54545	2.69697	-6.01438	3.01626	-7.57576
-2.45455	-2.81917	1.70571	-4.47972	2.70521	-6.0066	3.09017	-7.52669
-2.48546	-2.82376	1.73565	-4.42424	2.71198	-6	3.15152	-7.48484
-2.60606	-2.83594	1.75022	-4.39412	2.77288	-5.93952	3.17168	-7.47068
-2.61852	-2.83852	1.78788	-4.31311	2.83204	-5.87879	3.19406	-7.45455
-2.67958	-2.84848	1.79124	-4.30572	2.83916	-5.87133	3.25126	-7.41313
-2.74343	-2.8598	1.79242	-4.30303	2.84848	-5.86123	3.30303	-7.37464
-2.75758	-2.86153	1.82683	-4.21298	2.90285	-5.80107	3.32944	-7.35446
-2.86106	-2.88691	1.83831	-4.18182	2.94093	-5.75758	3.3564	-7.33333
-2.90909	-2.89638	1.85837	-4.117	2.96491	-5.72951	3.40584	-7.29437
-2.97475	-2.91717	1.8752	-4.06061	3	-5.6871	3.45455	-7.25497
-3.06061	-2.94129	1.88543	-4.01744	3.02495	-5.65633	3.48085	-7.23316
-3.08442	-2.95065	1.9033	-3.93939	3.04065	-5.63636	3.50558	-7.21212
-3.13516	-2.9697	1.90751	-3.91389	3.08271	-5.58132	3.55411	-7.17056
-3.18718	-2.98965	1.92278	-3.81818	3.13173	-5.51515	3.60606	-7.12492
-3.21212	-2.9986	1.92394	-3.80582	3.13894	-5.50509	3.62608	-7.10692
-3.2843	-3.03316	1.93375	-3.69697	3.15152	-5.48702	3.64344	-7.09091
-3.36364	-3.07189	1.93385	-3.69253	3.1926	-5.42681	3.69624	-7.04184
-3.37737	-3.07992	1.93628	-3.57576	3.21437	-5.39394	3.75758	-6.98338
-3.39471	-3.09091	1.93615	-3.57316	3.24433	-5.34698	3.76529	-6.97587
-3.46281	-3.13278	1.93038	-3.45455	3.29032	-5.27273	3.77147	-6.9697
-3.51515	-3.16914	1.92941	-3.44656	3.29441	-5.26583	3.83238	-6.90833
-3.5426	-3.19016	1.91602	-3.33333	3.30303	-5.25087	3.89031	-6.84848
-3.56686	-3.21212	1.91175	-3.31122	3.34173	-5.18247	3.89846	-6.83998
-3.61446	-3.25389	1.89311	-3.21212	3.35875	-5.15152	3.90909	-6.82859
-3.66667	-3.31254	1.88069	-3.16516	3.38702	-5.0975	3.96265	-6.77012
-3.67744	-3.32471	1.86151	-3.09091	3.42121	-5.0303	4.00094	-6.72727
-3.68345	-3.33333	1.83289	-3.0057	3.43047	-5.01104	4.02564	-6.6993
-3.72873	-3.40489	1.82105	-2.9697	3.45455	-4.95956	4.06061	-6.65871
-3.75187	-3.45455	1.78788	-2.88833	3.4715	-4.92265	4.08716	-6.6273
-3.76411	-3.4978	1.77097	-2.84848	3.47756	-4.90909	4.1047	-6.60606
-3.77991	-3.57576	1.75935	-2.82566	3.50982	-4.83209	4.14706	-6.55401
-3.77588	-3.6096	1.71011	-2.72727	3.52784	-4.78788	4.202	-6.48485
-3.76794	-3.69697	1.64148	-2.61015	3.54602	-4.73984	4.2059	-6.47987
-3.73826	-3.76091	1.63912	-2.60606	3.57296	-4.66667	4.21212	-6.47171
-3.71558	-3.81818	1.63636	-2.60191	3.58001	-4.64582	4.26279	-6.40417
-3.66667	-3.88587	1.55473	-2.48485	3.60606	-4.5666	4.29249	-6.36364
-3.61912	-3.93939	1.48485	-2.39634	3.61149	-4.5498	4.31848	-6.32751
-3.51515	-4.03087	1.45755	-2.36364	3.61286	-4.54545	4.36364	-6.26324
-3.47116	-4.06061	1.37719	-2.27751	3.63967	-4.45113	4.3729	-6.24984
-3.36364	-4.12807	1.34468	-2.24242	3.64712	-4.42424	4.37791	-6.24242
-3.25285	-4.18182	1.33333	-2.23135	3.66525	-4.35038	4.42541	-6.17063
-3.21212	-4.2014	1.21279	-2.12121	3.67657	-4.30303	4.45736	-6.12121
-3.16516	-4.21939	1.18182	-2.09539	3.68806	-4.24742	4.47677	-6.0905
-3.06061	-4.25868	1.05869	-2	3.70127	-4.18182	4.51515	-6.02831
-2.91177	-4.30303	1.0303	-1.97977	3.70792	-4.1421	4.52673	-6.00926
-2.90909	-4.30385	0.889699	-1.88752	3.72125	-4.06061	4.53224	-6
		0.878788	-1.88032	3.72464	-4.03425	4.57481	-5.92651
		0.876253	-1.87879	3.73655	-3.93939	4.60182	-5.87879
		0.727273	-1.79538	3.73795	-3.9237	4.62164	-5.84277
		0.652497	-1.75758	3.74719	-3.81818	4.66667	-5.75903
		0.575758	-1.72132	3.74759	-3.8102	4.66721	-5.75801
		0.480393	-1.68128	3.7532	-3.69697	4.66743	-5.75758
		0.424242	-1.65719	3.75324	-3.6935	4.71063	-5.67154
		0.368991	-1.63636	3.75459	-3.57576	4.7279	-5.63636
		0.272727	-1.6022	3.75452	-3.57331	4.75272	-5.584
		0.203824	-1.58124	3.75135	-3.45455	4.78462	-5.51515
		0.121212	-1.55514	3.751	-3.44929	4.79344	-5.49536
		-0.0294267	-1.51515	3.74349	-3.33333	4.81818	-5.43857
		-0.030303	-1.51493	3.7422	-3.32103	4.83246	-5.40536
		-0.0306728	-1.51486	3.73099	-3.21212	4.83726	-5.39394
		-0.181818	-1.48215	3.72753	-3.18808	4.86951	-5.31379
		-0.234013	-1.4734	3.71382	-3.09091	4.88568	-5.27273
		-0.333333	-1.45534	3.70634	-3.04992	4.90506	-5.22102
		-0.423046	-1.44338	3.69196	-2.9697	4.93055	-5.15152
		-0.484848	-1.43423	3.67785	-2.90592	4.93906	-5.127
		-0.600386	-1.42272	3.66537	-2.84848	4.9697	-5.03679
		-0.636364	-1.41859	3.64117	-2.75536	4.97141	-5.03167
		-0.768051	-1.4098	3.63399	-2.72727	4.97186	-5.0303
		-0.787879	-1.40817	3.60606	-2.63363	5.00142	-4.93447
		-0.927624	-1.40336	3.5976	-2.60606	5.00908	-4.90909
		-0.939394	-1.40276	3.59428	-2.59664	5.02968	-4.83587
		-1.08036	-1.40238	3.55553	-2.48485	5.04291	-4.78788
		-1.09091	-1.40218	3.53243	-2.42595	5.05615	-4.73583
		-1.22726	-1.40607	3.50835	-2.36364	5.07338	-4.66667
		-1.24242	-1.40625	3.45674	-2.24418	5.08073	-4.63428
		-1.36915	-1.41377	3.45599	-2.24242	5.10051	-4.54545
		-1.39394	-1.41483	3.45455	-2.23937	5.10336	-4.53117
		-1.50667	-1.42497	3.39689	-2.12121	5.12121	-4.44009
		-1.54545	-1.42781	3.35364	-2.04048	5.12387	-4.42637
		-1.64037	-1.43922	3.33219	-2	5.12427	-4.42424
		-1.69697	-1.4451	3.30303	-1.94949	5.14176	-4.31947
		-1.77068	-1.45618	3.26066	-1.87879	5.14446	-4.30303
		-1.84848	-1.46665	3.21489	-1.80828	5.15742	-4.21079
		-1.89796	-1.47557	3.18229	-1.75758	5.16142	-4.18182
		-2	-1.49244	3.15152	-1.71315	5.17073	-4.10022
		-2.02248	-1.49717	3.09609	-1.63636	5.17516	-4.06061
		-2.11414	-1.51515	3.00607	-1.52001	5.18155	-3.98766
		-2.14402	-1.52114	3.00234	-1.51515	5.1857	-3.93939
		-2.15152	-1.52253	3	-1.51229	5.18975	-3.87301
		-2.26184	-1.5481	2.89849	-1.39394	5.19304	-3.81818
		-2.30303	-1.55705	2.84848	-1.33907	5.19518	-3.75614
		-2.37762	-1.57669	2.78498	-1.27273	5.19718	-3.69697
		-2.45455	-1.59594	2.69697	-1.18584	5.19766	-3.63692
		-2.49146	-1.60683	2.6603	-1.15152	5.19814	-3.57576
		-2.59557	-1.63636	2.54545	-1.04954	5.19701	-3.51519
		-2.60329	-1.63858	2.52251	-1.0303	5.19591	-3.45455
		-2.60606	-1.63935	2.39394	-0.927708	5.19303	-3.39079
		-2.7115	-1.67322	2.36911	-0.909091	5.19048	-3.33333
		-2.75758	-1.68754	2.24242	-0.818378	5.18549	-3.26354
		-2.81819	-1.70908	2.19685	-0.787879	5.18187	-3.21212
		-2.90909	-1.74065	2.09091	-0.719964	5.17413	-3.13324
		-2.92331	-1.7462	2.00141	-0.666667	5.17005	-3.09091
		-2.95288	-1.75758	1.93939	-0.631184	5.15869	-2.99968
		-3.0255	-1.78566	1.80903	-0.562379	5.15502	-2.9697
		-3.06061	-1.79903	1.78788	-0.551121	5.13887	-2.86261
		-3.12576	-1.82666	1.77627	-0.545455	5.13677	-2.84848
		-3.21212	-1.86306	1.63636	-0.479616	5.12121	-2.76065
		-3.22458	-1.86882	1.5069	-0.424242	5.11519	-2.72727
		-3.2461	-1.87879	1.48485	-0.415123	5.11397	-2.72148
		-3.32055	-1.91326	1.46355	-0.407204	5.09005	-2.60606
		-3.36364	-1.93325	1.33333	-0.357958	5.08275	-2.57529
		-3.4148	-1.95907	1.19022	-0.309752	5.06159	-2.48485
		-3.49502	-2	1.18182	-0.306864	5.04561	-2.42436
		-3.50733	-2.00626	1.16915	-0.30303	5.02978	-2.36364
		-3.51515	-2.01028	1.0303	-0.262237	5.00203	-2.26829
		-3.59707	-2.05568	0.955588	-0.243258	4.9946	-2.24242
		-3.66667	-2.09507	0.878788	-0.223163	4.9697	-2.16406
		-3.68531	-2.10629	0.740549	-0.192439	4.95578	-2.12121
		-3.7094	-2.12121	0.727273	-0.189382	4.95022	-2.10563
		-3.77098	-2.15898	0.687722	-0.181818	4.91302	-2
		-3.81818	-2.1889	0.575758	-0.160952	4.8879	-1.93456
		-3.85467	-2.21323	0.543726	-0.156193	4.86674	-1.87879
		-3.89674	-2.24242	0.424242	-0.137433	4.81818	-1.7607
		-3.93603	-2.26936	0.359008	-0.12963	4.81687	-1.75758
		-3.9697	-2.29352	0.272727	-0.118561	4.81612	-1.75592
		-4.01503	-2.32737	0.183468	-0.11041	4.76238	-1.63636
		-4.06116	-2.36364	0.121212	-0.104173	4.72733	-1.56368
		-4.09165	-2.38729	0.0157658	-0.0974612	4.70416	-1.51515
		-4.12121	-2.41165	-0.030303	-0.0941123	4.66667	-1.44163
		-4.16567	-2.44929	-0.145188	-0.0899105	4.64167	-1.39394
		-4.20506	-2.48485	-0.181818	-0.088235	4.62151	-1.35782
		-4.23704	-2.51339	-0.300287	-0.087043	4.57446	-1.27273
		-4.27273	-2.54768	-0.333333	-0.0864049	4.51515	-1.17159
		-4.3056	-2.57976	-0.450272	-0.0882669	4.50302	-1.15152
		-4.33059	-2.60606	-0.484848	-0.0884965	4.49034	-1.13166
		-4.37115	-2.64853	-0.595759	-0.0930902	4.42608	-1.0303
		-4.42424	-2.70914	-0.636364	-0.0943955	4.36364	-0.936838
		-4.43356	-2.71982	-0.73726	-0.101101	4.34448	-0.909091
		-4.43952	-2.72727	-0.787879	-0.103999	4.31799	-0.872573
		-4.49244	-2.79393	-0.87521	-0.111953	4.25694	-0.787879
		-4.53179	-2.84848	-0.939394	-0.117215	4.21212	-0.728575
		-4.54766	-2.87097	-1.00997	-0.125355	4.16365	-0.666667
		-4.57576	-2.91525	-1.09091	-0.133966	4.07162	-0.554265
		-4.5988	-2.95126	-1.14186	-0.14106	4.06444	-0.545455
		-4.60946	-2.9697	-1.24242	-0.154186	4.06061	-0.540941
		-4.64529	-3.03528	-1.27112	-0.158859	3.95753	-0.424242
		-4.67255	-3.09091	-1.39394	-0.177822	3.90909	-0.37157
		-4.68688	-3.12322	-1.39799	-0.178576	3.84343	-0.30303
		-4.72201	-3.21212	-1.4162	-0.181818	3.75758	-0.216769
		-4.72311	-3.21545	-1.52169	-0.200831	3.72124	-0.181818
		-4.72727	-3.22957	-1.54545	-0.20491	3.60606	-0.074962
		-4.75225	-3.31335	-1.6432	-0.224831	3.58985	-0.0606061
		-4.75759	-3.33333	-1.69697	-0.235348	3.45455	0.0551874
		-4.7736	-3.41749	-1.76286	-0.250316	3.44789	0.0606061
		-4.77993	-3.45455	-1.84848	-0.269106	3.30303	0.174818
		-4.78579	-3.52894	-1.88078	-0.277192	3.29366	0.181818
		-4.78912	-3.57576	-1.98702	-0.30303	3.15152	0.2849
		-4.78664	-3.64948	-1.99695	-0.305468	3.12504	0.30303
		-4.78518	-3.69697	-2	-0.306193	3	0.386261
		-4.77296	-3.78163	-2.11042	-0.335907	2.93933	0.424242
		-4.76811	-3.81818	-2.15152	-0.346676	2.84848	0.47961
		-4.74029	-3.92898	-2.2225	-0.367451	2.73309	0.545455
		-4.73786	-3.93939	-2.30303	-0.390505	2.69697	0.565551
		-4.72727	-3.96947	-2.33326	-0.400061	2.62564	0.602515
		-4.69397	-4.06061	-2.41111	-0.424242	2.54545	0.644331
		-4.67244	-4.10447	-2.44234	-0.434003	2.49926	0.666667
		-4.63632	-4.18182	-2.45455	-0.437744	2.39394	0.716415
		-4.57576	-4.2855	-2.54931	-0.469646	2.25758	0.775753
		-4.56489	-4.30303	-2.60606	-0.488462	2.24242	0.782409
		-4.54949	-4.32404	-2.65516	-0.506177	2.22883	0.787879
		-4.47803	-4.42424	-2.75758	-0.542707	2.09091	0.842174
		-4.42424	-4.49041	-2.75989	-0.5436	1.9682	0.886047
		-4.376	-4.54545	-2.76475	-0.545455	1.93939	0.896479
		-4.27273	-4.65259	-2.86235	-0.582847	1.90074	0.909091
		-4.25797	-4.66667	-2.90909	-0.600597	1.78788	0.945204
		-4.12936	-4.78136	-2.96377	-0.62292	1.71776	0.965183
		-4.12208	-4.78788	-3.06061	-0.662233	1.63636	0.988793
		-4.12121	-4.78861	-3.0642	-0.663791	1.49003	1.02616
		-4.08723	-4.81506	-3.07085	-0.666667	1.48485	1.02751
		-3.9697	-4.90662	-3.16252	-0.70635	1.47251	1.0303
		-3.96621	-4.90909	-3.21212	-0.727771	1.33333	1.06127
		-3.81818	-5.01114	-3.25986	-0.749691	1.28265	1.07085
		-3.78766	-5.0303	-3.34295	-0.787879	1.18182	1.09048
		-3.66667	-5.10492	-3.35609	-0.793916	1.08756	1.10571
		-3.58379	-5.15152	-3.36364	-0.797385	1.0303	1.11529
		-3.51515	-5.18971	-3.45043	-0.839653	0.902559	1.1325
		-3.38421	-5.25627	-3.51515	-0.871298	0.878788	1.13584
		-3.36364	-5.26675	-3.54389	-0.886097	0.734167	1.15152
		-3.35075	-5.27273	-3.58824	-0.909091	0.727273	1.15225
		-3.21212	-5.33694	-3.63587	-0.933726	0.726256	1.15233
		-3.07722	-5.39394	-3.66667	-0.949775	0.575758	1.16459
		-3.06061	-5.40097	-3.72647	-0.982462	0.558312	1.16547
		-3.04358	-5.40756	-3.81307	-1.0303	0.424242	1.17306
		-2.90909	-5.45934	-3.8161	-1.03197	0.396398	1.17379
		-2.76348	-5.51043	-3.81818	-1.03313	0.272727	1.17778
		-2.75758	-5.51248	-3.90387	-1.08296	0.239805	1.17785
		-2.74911	-5.51515	-3.9697	-1.1218	0.121212	1.17884
		-2.60606	-5.56062	-3.99072	-1.13469	0.0879323	1.17814
		-2.51707	-5.58634	-4.01769	-1.15152	-0.030303	1.17636
		-2.45455	-5.60407	-4.076	-1.18768	-0.0597307	1.17506
		-2.32868	-5.63636	-4.12121	-1.21626	-0.181818	1.17041
		-2.30303	-5.643	-4.16004	-1.24166	-0.203619	1.16896
		-2.29131	-5.64574	-4.20653	-1.27273	-0.333333	1.16109
		-2.15152	-5.67741	-4.24271	-1.29674	-0.344105	1.16013
		-2.0827	-5.69142	-4.27273	-1.31713	-0.448142	1.15152
		-2	-5.70752	-4.32393	-1.35298	-0.481373	1.14873
		-1.88646	-5.7272	-4.38095	-1.39394	-0.484848	1.14847
		-1.84848	-5.73339	-4.40385	-1.41026	-0.615325	1.13468
		-1.70077	-5.75453	-4.42424	-1.42521	-0.636364	1.13259
		-1.69697	-5.75503	-4.48219	-1.46879	-0.746682	1.11856
		-1.67447	-5.75758	-4.54198	-1.51515	-0.787879	1.11356
		-1.54545	-5.77226	-4.5592	-1.52839	-0.875666	1.10053
				-4.57576	-1.54155	-0.939394	1.09144
				-4.63459	-1.5893	-1.00247	1.08077
				-4.69058	-1.63636	-1.09091	1.06629
				-4.70854	-1.65135	-1.12726	1.05939
				-4.72727	-1.66757	-1.24242	1.03814
				-4.78083	-1.71473	-1.25019	1.03651
				-4.82761	-1.75758	-1.28049	1.0303
				-4.85156	-1.77936	-1.37067	1.01169
				-4.87879	-1.80522	-1.39394	1.00701
				-4.92057	-1.84536	-1.48932	0.985394
				-4.95386	-1.87879	-1.54545	0.972957
				-4.98786	-1.91274	-1.60647	0.957906
				-5.0303	-1.95721	-1.69697	0.936018
				-5.05336	-1.98155	-1.72222	0.92929
				-5.07002	-2	-1.79932	0.909091
				-5.11696	-2.05188	-1.83631	0.899347
				-5.17651	-2.12121	-1.84848	0.896196
				-5.17867	-2.12373	-1.94847	0.867869
				-5.18182	-2.1276	-2	0.853494
				-5.23827	-2.19727	-2.05949	0.835468
				-5.27289	-2.24242	-2.15152	0.807943
				-5.29577	-2.27247	-2.16939	0.802177
				-5.33333	-2.32482	-2.2142	0.787879
				-5.35105	-2.34947	-2.27763	0.76756
				-5.36065	-2.36364	-2.30303	0.759519
				-5.40389	-2.42841	-2.38447	0.731822
				-5.4393	-2.48485	-2.45455	0.708218
				-5.45429	-2.5093	-2.49037	0.695329
				-5.48485	-2.56252	-2.57066	0.666667
				-5.50204	-2.59231	-2.59511	0.65791
				-5.5095	-2.60606	-2.60606	0.654023
				-5.54683	-2.67769	-2.69823	0.619188
				-5.57103	-2.72727	-2.75758	0.596895
				-5.58866	-2.76543	-2.80052	0.579809
				-5.6245	-2.84848	-2.88725	0.545455
				-5.62738	-2.85567	-2.90185	0.539661
				-5.63636	-2.87979	-2.90909	0.5368
				-5.66231	-2.94894	-3.00158	0.49823
				-5.6696	-2.9697	-3.06061	0.473682
				-5.69332	-3.04535	-3.10056	0.456208
				-5.70667	-3.09091	-3.17374	0.424242
				-5.72018	-3.14507	-3.19856	0.413395
				-5.7358	-3.21212	-3.21212	0.407477
				-5.74246	-3.24845	-3.29516	0.369464
				-5.75702	-3.33333	-3.36364	0.338106
				-5.75964	-3.35592	-3.39107	0.324977
				-5.77036	-3.45455	-3.43683	0.30303
				-5.77101	-3.46804	-3.48581	0.27956
				-5.77585	-3.57576	-3.51515	0.265471
				-5.77565	-3.58554	-3.57947	0.233273
				-5.7735	-3.69697	-3.66667	0.189461
				-5.7724	-3.70935	-3.67245	0.186443
				-5.7633	-3.81818	-3.68126	0.181818
				-5.75981	-3.84064	-3.764	0.138474
				-5.74524	-3.93939	-3.81818	0.109935
				-5.73608	-3.98083	-3.85483	0.0899235
				-5.71927	-4.06061	-3.90814	0.0606061
				-5.69905	-4.13167	-3.94466	0.0405759
				-5.68538	-4.18182	-3.9697	0.0267394
				-5.64617	-4.29519	-4.03338	-0.00965846
				-5.64356	-4.30303	-4.12121	-0.0603074
				-5.63636	-4.32081	-4.12143	-0.0604348
				-5.59339	-4.42424	-4.12171	-0.0606061
				-5.5658	-4.4807	-4.20808	-0.112322
				-5.53507	-4.54545	-4.27273	-0.151457
				-5.48485	-4.63768	-4.29406	-0.164749
				-5.46851	-4.66667	-4.32113	-0.181818
				-5.45176	-4.69314	-4.37889	-0.218096
				-5.39307	-4.78788	-4.42424	-0.246953
				-5.33333	-4.87521	-4.46283	-0.27216
				-5.30918	-4.90909	-4.50941	-0.30303
				-5.26987	-4.95986	-4.54577	-0.327019
				-5.21607	-5.0303	-4.57576	-0.347105
				-5.18182	-5.07204	-4.62766	-0.382718
				-5.11354	-5.15152	-4.68719	-0.424242
				-5.0303	-5.24284	-4.70865	-0.439138
				-5.00169	-5.27273	-4.72727	-0.452291
				-4.88444	-5.38941	-4.78849	-0.496478
				-4.87992	-5.39394	-4.85508	-0.545455
				-4.87879	-5.39502	-4.86746	-0.554515
				-4.74696	-5.51515	-4.87879	-0.562968
				-4.72727	-5.53249	-4.94523	-0.613515
				-4.60294	-5.63636	-5.01362	-0.666667
				-4.57576	-5.65846	-5.02211	-0.673223
				-4.44711	-5.75758	-5.0303	-0.679701
				-4.42424	-5.77482	-5.09776	-0.733913
				-4.27861	-5.87879	-5.16334	-0.787879
				-4.27273	-5.88292	-5.17248	-0.795353
				-4.24226	-5.90316	-5.18182	-0.803192
				-4.12121	-5.98376	-5.24596	-0.857778
				-4.09538	-6	-5.3047	-0.909091
				-3.9697	-6.07819	-5.31843	-0.921014
				-3.89646	-6.12121	-5.33333	-0.934322
				-3.81818	-6.16686	-5.38967	-0.985233
				-3.68092	-6.24242	-5.43815	-1.0303
				-3.66667	-6.25023	-5.45981	-1.05034
				-3.63906	-6.26451	-5.48485	-1.07421
				-3.51515	-6.3287	-5.52871	-1.11642
				-3.4436	-6.36364	-5.56407	-1.15152
				-3.36364	-6.40261	-5.59641	-1.18348
				-3.24919	-6.4552	-5.63636	-1.22427
				-3.21212	-6.47223	-5.66287	-1.25153
				-3.18293	-6.48485	-5.68281	-1.27273
				-3.06061	-6.53777	-5.72801	-1.32062
				-2.92599	-6.59254	-5.78788	-1.38633
				-2.90909	-6.59941	-5.79188	-1.39074
				-2.89163	-6.60606	-5.79468	-1.39394
				-2.75758	-6.65729	-5.85432	-1.462
				-2.64155	-6.69888	-5.89921	-1.51515
				-2.60606	-6.71154	-5.91541	-1.53434
				-2.55894	-6.72727	-5.93939	-1.56387
				-2.45455	-6.76225	-5.97503	-1.60785
				-2.3827	-6.78475	-5.99726	-1.63636
				-2.30303	-6.80949	-6.03316	-1.68257
				-2.16824	-6.84848	-6.08911	-1.75758
				-2.15152	-6.85334	-6.08978	-1.75848
				-2.14235	-6.85582	-6.09091	-1.76007
				-2	-6.89378	-6.14471	-1.83574
				-1.91813	-6.91398	-6.17405	-1.87879
				-1.84848	-6.93089	-6.19802	-1.91431
				-1.70559	-6.9628	-6.24242	-1.9831
				-1.69697	-6.96469	-6.24963	-1.99424
				-1.6719	-6.9697	-6.2532	-2
				-1.54545	-6.99509	-6.29933	-2.07569
				-1.50435	-7.00258	-6.32586	-2.12121
				-1.39394	-7.02213	-6.3472	-2.15861
				-1.31216	-7.03512	-6.39283	-2.24242
				-1.24242	-7.0458	-6.39316	-2.24305
				-1.12794	-7.06128	-6.39394	-2.24459
				-1.09091	-7.06605	-6.43687	-2.32929
				-0.950987	-7.08163	-6.45349	-2.36364
				-0.939394	-7.08284	-6.47845	-2.41724
				-0.846834	-7.09091	-6.50845	-2.48485
				-0.787879	-7.09607	-6.51781	-2.50696
						-6.54545	-2.57563
						-6.55475	-2.59862
						-6.55762	-2.60606
						-6.58891	-2.69251
						-6.60089	-2.72727
						-6.62037	-2.78855
						-6.63851	-2.84848
						-6.64898	-2.88687
						-6.67048	-2.9697
						-6.67454	-2.98764
						-6.69681	-3.09091
						-6.69683	-3.09102
						-6.69697	-3.09187
						-6.71507	-3.19764
						-6.71744	-3.21212
						-6.72939	-3.3074
						-6.73249	-3.33333
						-6.7394	-3.4206
						-6.74197	-3.45455
						-6.74467	-3.53759
						-6.74587	-3.57576
						-6.74471	-3.65878
						-6.74419	-3.69697
						-6.7389	-3.78464
						-6.73695	-3.81818
						-6.72656	-3.91572
						-6.72413	-3.93939
						-6.70689	-4.05267
						-6.70573	-4.06061
						-6.69697	-4.10505
						-6.68169	-4.18182
						-6.67782	-4.19714
						-6.65198	-4.30303
						-6.63794	-4.35025
						-6.61662	-4.42424
						-6.58649	-4.51263
						-6.57561	-4.54545
						-6.54545	-4.62412
						-6.52884	-4.66667
						-6.51972	-4.68726
						-6.47616	-4.78788
						-6.43234	-4.87837
						-6.41778	-4.90909
						-6.39394	-4.95461
						-6.35333	-5.0303
						-6.31755	-5.09142
						-6.28294	-5.15152
						-6.24242	-5.21655
						-6.20645	-5.27273
						-6.16266	-5.33654
						-6.12377	-5.39394
						-6.09091	-5.43951
						-6.03467	-5.51515
						-5.93968	-5.63613
						-5.9395	-5.63636
						-5.93939	-5.6365
						-5.83714	-5.75758
						-5.78788	-5.81345
						-5.72825	-5.87879
						-5.63636	-5.9758
						-5.6126	-6
						-5.51049	-6.1007
						-5.48976	-6.12121
						-5.48485	-6.12593
						-5.35908	-6.24242
						-5.33333	-6.26569
						-5.22073	-6.36364
						-5.18182	-6.39677
						-5.07431	-6.48485
						-5.0303	-6.52026
						-4.91941	-6.60606
						-4.87879	-6.63702
						-4.75554	-6.72727
						-4.72727	-6.74772
						-4.58221	-6.84848
						-4.57576	-6.85292
						-4.54402	-6.87388
						-4.42424	-6.95306
						-4.398	-6.9697
						-4.27273	-7.04854
						-4.20251	-7.09091
						-4.12121	-7.13968
						-3.99524	-7.21212
						-3.9697	-7.22674
						-3.91153	-7.25865
						-3.81818	-7.30994
						-3.77368	-7.33333
						-3.66667	-7.38946
						-3.53696	-7.45455
						-3.51515	-7.46547
						-3.48109	-7.48179
						-3.36364	-7.53811
						-3.28141	-7.57576
						-3.21212	-7.60748
						-3.12473	-7.64567
						-3.06061	-7.67368
						-3.00467	-7.69697
						-2.90909	-7.7368
						-2.8103	-7.77601
						-2.75758	-7.7969
						-2.70106	-7.81818
						-2.60606	-7.85402
						-2.52494	-7.88308
						-2.45455	-7.90822
						-2.36239	-7.93939
						-2.30303	-7.95952
						-2.26104	-7.97298
						-2.15152	-8.00794
						-2.01418	-8.04926
						-2	-8.0535
						-1.97473	-8.06061
						-1.84848	-8.09619
						-1.78208	-8.11373
						-1.69697	-8.13601
						-1.56129	-8.16915
						-1.54545	-8.17297
						-1.50598	-8.18182
						-1.39394	-8.20701
						-1.35141	-8.21584
						-1.24242	-8.23812
						-1.15054	-8.25533
						-1.09091	-8.26629
						-0.957546	-8.28851
						-0.939394	-8.29147
						-0.860031	-8.30303
						-0.787879	-8.31358
