X	Y
-0.787879	-8.31358
-0.772149	-8.31561
-0.636364	-8.33258
-0.593672	-8.33718
-0.484848	-8.34843
-0.421256	-8.3539
-0.333333	-8.36105
-0.254492	-8.3661
-0.181818	-8.37038
-0.0930109	-8.37408
-0.030303	-8.37634
0.0635208	-8.37809
0.121212	-8.37883
0.215406	-8.37839
0.272727	-8.37776
0.362922	-8.37519
0.424242	-8.37303
0.506322	-8.36869
0.575758	-8.36454
0.64584	-8.3591
0.727273	-8.35217
0.781692	-8.34657
0.878788	-8.33581
0.914078	-8.33126
1.0303	-8.31534
1.04319	-8.31334
1.10611	-8.30303
1.16897	-8.29276
1.18182	-8.29054
1.29156	-8.26961
1.33333	-8.26125
1.41131	-8.2442
1.48485	-8.22741
1.52839	-8.21665
1.63636	-8.18888
1.64293	-8.18707
1.66124	-8.18182
1.75451	-8.15512
1.78788	-8.1452
1.86366	-8.12123
1.93939	-8.09641
1.97062	-8.08558
2.04024	-8.06061
2.07523	-8.04806
2.09091	-8.04225
2.17732	-8.00853
2.24242	-7.98229
2.27751	-7.96746
2.34194	-7.93939
2.3756	-7.92472
2.39394	-7.91648
2.47138	-7.88014
2.54545	-7.84432
2.56551	-7.83423
2.59649	-7.81818
2.65745	-7.78657
2.69697	-7.76546
2.74756	-7.73744
2.81862	-7.69697
2.83605	-7.68702
2.84848	-7.67972
2.92236	-7.63486
3	-7.58639
3.00736	-7.58165
3.01626	-7.57576
3.09017	-7.52669
3.15152	-7.48484
3.17168	-7.47068
3.19406	-7.45455
3.25126	-7.41313
3.30303	-7.37464
3.32944	-7.35446
3.3564	-7.33333
3.40584	-7.29437
3.45455	-7.25497
3.48085	-7.23316
3.50558	-7.21212
3.55411	-7.17056
3.60606	-7.12492
3.62608	-7.10692
3.64344	-7.09091
3.69624	-7.04184
3.75758	-6.98338
3.76529	-6.97587
3.77147	-6.9697
3.83238	-6.90833
3.89031	-6.84848
3.89846	-6.83998
3.90909	-6.82859
3.96265	-6.77012
4.00094	-6.72727
4.02564	-6.6993
4.06061	-6.65871
4.08716	-6.6273
4.1047	-6.60606
4.14706	-6.55401
4.202	-6.48485
4.2059	-6.47987
4.21212	-6.47171
4.26279	-6.40417
4.29249	-6.36364
4.31848	-6.32751
4.36364	-6.26324
4.3729	-6.24984
4.37791	-6.24242
4.42541	-6.17063
4.45736	-6.12121
4.47677	-6.0905
4.51515	-6.02831
4.52673	-6.00926
4.53224	-6
4.57481	-5.92651
4.60182	-5.87879
4.62164	-5.84277
4.66667	-5.75903
4.66721	-5.75801
4.66743	-5.75758
4.71063	-5.67154
4.7279	-5.63636
4.75272	-5.584
4.78462	-5.51515
4.79344	-5.49536
4.81818	-5.43857
4.83246	-5.40536
4.83726	-5.39394
4.86951	-5.31379
4.88568	-5.27273
4.90506	-5.22102
4.93055	-5.15152
4.93906	-5.127
4.9697	-5.03679
4.97141	-5.03167
4.97186	-5.0303
5.00142	-4.93447
5.00908	-4.90909
5.02968	-4.83587
5.04291	-4.78788
5.05615	-4.73583
5.07338	-4.66667
5.08073	-4.63428
5.10051	-4.54545
5.10336	-4.53117
5.12121	-4.44009
5.12387	-4.42637
5.12427	-4.42424
5.14176	-4.31947
5.14446	-4.30303
5.15742	-4.21079
5.16142	-4.18182
5.17073	-4.10022
5.17516	-4.06061
5.18155	-3.98766
5.1857	-3.93939
5.18975	-3.87301
5.19304	-3.81818
5.19518	-3.75614
5.19718	-3.69697
5.19766	-3.63692
5.19814	-3.57576
5.19701	-3.51519
5.19591	-3.45455
5.19303	-3.39079
5.19048	-3.33333
5.18549	-3.26354
5.18187	-3.21212
5.17413	-3.13324
5.17005	-3.09091
5.15869	-2.99968
5.15502	-2.9697
5.13887	-2.86261
5.13677	-2.84848
5.12121	-2.76065
5.11519	-2.72727
5.11397	-2.72148
5.09005	-2.60606
5.08275	-2.57529
5.06159	-2.48485
5.04561	-2.42436
5.02978	-2.36364
5.00203	-2.26829
4.9946	-2.24242
4.9697	-2.16406
4.95578	-2.12121
4.95022	-2.10563
4.91302	-2
4.8879	-1.93456
4.86674	-1.87879
4.81818	-1.7607
4.81687	-1.75758
4.81612	-1.75592
4.76238	-1.63636
4.72733	-1.56368
4.70416	-1.51515
4.66667	-1.44163
4.64167	-1.39394
4.62151	-1.35782
4.57446	-1.27273
4.51515	-1.17159
4.50302	-1.15152
4.49034	-1.13166
4.42608	-1.0303
4.36364	-0.936838
4.34448	-0.909091
4.31799	-0.872573
4.25694	-0.787879
4.21212	-0.728575
4.16365	-0.666667
4.07162	-0.554265
4.06444	-0.545455
4.06061	-0.540941
3.95753	-0.424242
3.90909	-0.37157
3.84343	-0.30303
3.75758	-0.216769
3.72124	-0.181818
3.60606	-0.074962
3.58985	-0.0606061
3.45455	0.0551874
3.44789	0.0606061
3.30303	0.174818
3.29366	0.181818
3.15152	0.2849
3.12504	0.30303
3	0.386261
2.93933	0.424242
2.84848	0.47961
2.73309	0.545455
2.69697	0.565551
2.62564	0.602515
2.54545	0.644331
2.49926	0.666667
2.39394	0.716415
2.25758	0.775753
2.24242	0.782409
2.22883	0.787879
2.09091	0.842174
1.9682	0.886047
1.93939	0.896479
1.90074	0.909091
1.78788	0.945204
1.71776	0.965183
1.63636	0.988793
1.49003	1.02616
1.48485	1.02751
1.47251	1.0303
1.33333	1.06127
1.28265	1.07085
1.18182	1.09048
1.08756	1.10571
1.0303	1.11529
0.902559	1.1325
0.878788	1.13584
0.734167	1.15152
0.727273	1.15225
0.726256	1.15233
0.575758	1.16459
0.558312	1.16547
0.424242	1.17306
0.396398	1.17379
0.272727	1.17778
0.239805	1.17785
0.121212	1.17884
0.0879323	1.17814
-0.030303	1.17636
-0.0597307	1.17506
-0.181818	1.17041
-0.203619	1.16896
-0.333333	1.16109
-0.344105	1.16013
-0.448142	1.15152
-0.481373	1.14873
-0.484848	1.14847
-0.615325	1.13468
-0.636364	1.13259
-0.746682	1.11856
-0.787879	1.11356
-0.875666	1.10053
-0.939394	1.09144
-1.00247	1.08077
-1.09091	1.06629
-1.12726	1.05939
-1.24242	1.03814
-1.25019	1.03651
-1.28049	1.0303
-1.37067	1.01169
-1.39394	1.00701
-1.48932	0.985394
-1.54545	0.972957
-1.60647	0.957906
-1.69697	0.936018
-1.72222	0.92929
-1.79932	0.909091
-1.83631	0.899347
-1.84848	0.896196
-1.94847	0.867869
-2	0.853494
-2.05949	0.835468
-2.15152	0.807943
-2.16939	0.802177
-2.2142	0.787879
-2.27763	0.76756
-2.30303	0.759519
-2.38447	0.731822
-2.45455	0.708218
-2.49037	0.695329
-2.57066	0.666667
-2.59511	0.65791
-2.60606	0.654023
-2.69823	0.619188
-2.75758	0.596895
-2.80052	0.579809
-2.88725	0.545455
-2.90185	0.539661
-2.90909	0.5368
-3.00158	0.49823
-3.06061	0.473682
-3.10056	0.456208
-3.17374	0.424242
-3.19856	0.413395
-3.21212	0.407477
-3.29516	0.369464
-3.36364	0.338106
-3.39107	0.324977
-3.43683	0.30303
-3.48581	0.27956
-3.51515	0.265471
-3.57947	0.233273
-3.66667	0.189461
-3.67245	0.186443
-3.68126	0.181818
-3.764	0.138474
-3.81818	0.109935
-3.85483	0.0899235
-3.90814	0.0606061
-3.94466	0.0405759
-3.9697	0.0267394
-4.03338	-0.00965846
-4.12121	-0.0603074
-4.12143	-0.0604348
-4.12171	-0.0606061
-4.20808	-0.112322
-4.27273	-0.151457
-4.29406	-0.164749
-4.32113	-0.181818
-4.37889	-0.218096
-4.42424	-0.246953
-4.46283	-0.27216
-4.50941	-0.30303
-4.54577	-0.327019
-4.57576	-0.347105
-4.62766	-0.382718
-4.68719	-0.424242
-4.70865	-0.439138
-4.72727	-0.452291
-4.78849	-0.496478
-4.85508	-0.545455
-4.86746	-0.554515
-4.87879	-0.562968
-4.94523	-0.613515
-5.01362	-0.666667
-5.02211	-0.673223
-5.0303	-0.679701
-5.09776	-0.733913
-5.16334	-0.787879
-5.17248	-0.795353
-5.18182	-0.803192
-5.24596	-0.857778
-5.3047	-0.909091
-5.31843	-0.921014
-5.33333	-0.934322
-5.38967	-0.985233
-5.43815	-1.0303
-5.45981	-1.05034
-5.48485	-1.07421
-5.52871	-1.11642
-5.56407	-1.15152
-5.59641	-1.18348
-5.63636	-1.22427
-5.66287	-1.25153
-5.68281	-1.27273
-5.72801	-1.32062
-5.78788	-1.38633
-5.79188	-1.39074
-5.79468	-1.39394
-5.85432	-1.462
-5.89921	-1.51515
-5.91541	-1.53434
-5.93939	-1.56387
-5.97503	-1.60785
-5.99726	-1.63636
-6.03316	-1.68257
-6.08911	-1.75758
-6.08978	-1.75848
-6.09091	-1.76007
-6.14471	-1.83574
-6.17405	-1.87879
-6.19802	-1.91431
-6.24242	-1.9831
-6.24963	-1.99424
-6.2532	-2
-6.29933	-2.07569
-6.32586	-2.12121
-6.3472	-2.15861
-6.39283	-2.24242
-6.39316	-2.24305
-6.39394	-2.24459
-6.43687	-2.32929
-6.45349	-2.36364
-6.47845	-2.41724
-6.50845	-2.48485
-6.51781	-2.50696
-6.54545	-2.57563
-6.55475	-2.59862
-6.55762	-2.60606
-6.58891	-2.69251
-6.60089	-2.72727
-6.62037	-2.78855
-6.63851	-2.84848
-6.64898	-2.88687
-6.67048	-2.9697
-6.67454	-2.98764
-6.69681	-3.09091
-6.69683	-3.09102
-6.69697	-3.09187
-6.71507	-3.19764
-6.71744	-3.21212
-6.72939	-3.3074
-6.73249	-3.33333
-6.7394	-3.4206
-6.74197	-3.45455
-6.74467	-3.53759
-6.74587	-3.57576
-6.74471	-3.65878
-6.74419	-3.69697
-6.7389	-3.78464
-6.73695	-3.81818
-6.72656	-3.91572
-6.72413	-3.93939
-6.70689	-4.05267
-6.70573	-4.06061
-6.69697	-4.10505
-6.68169	-4.18182
-6.67782	-4.19714
-6.65198	-4.30303
-6.63794	-4.35025
-6.61662	-4.42424
-6.58649	-4.51263
-6.57561	-4.54545
-6.54545	-4.62412
-6.52884	-4.66667
-6.51972	-4.68726
-6.47616	-4.78788
-6.43234	-4.87837
-6.41778	-4.90909
-6.39394	-4.95461
-6.35333	-5.0303
-6.31755	-5.09142
-6.28294	-5.15152
-6.24242	-5.21655
-6.20645	-5.27273
-6.16266	-5.33654
-6.12377	-5.39394
-6.09091	-5.43951
-6.03467	-5.51515
-5.93968	-5.63613
-5.9395	-5.63636
-5.93939	-5.6365
-5.83714	-5.75758
-5.78788	-5.81345
-5.72825	-5.87879
-5.63636	-5.9758
-5.6126	-6
-5.51049	-6.1007
-5.48976	-6.12121
-5.48485	-6.12593
-5.35908	-6.24242
-5.33333	-6.26569
-5.22073	-6.36364
-5.18182	-6.39677
-5.07431	-6.48485
-5.0303	-6.52026
-4.91941	-6.60606
-4.87879	-6.63702
-4.75554	-6.72727
-4.72727	-6.74772
-4.58221	-6.84848
-4.57576	-6.85292
-4.54402	-6.87388
-4.42424	-6.95306
-4.398	-6.9697
-4.27273	-7.04854
-4.20251	-7.09091
-4.12121	-7.13968
-3.99524	-7.21212
-3.9697	-7.22674
-3.91153	-7.25865
-3.81818	-7.30994
-3.77368	-7.33333
-3.66667	-7.38946
-3.53696	-7.45455
-3.51515	-7.46547
-3.48109	-7.48179
-3.36364	-7.53811
-3.28141	-7.57576
-3.21212	-7.60748
-3.12473	-7.64567
-3.06061	-7.67368
-3.00467	-7.69697
-2.90909	-7.7368
-2.8103	-7.77601
-2.75758	-7.7969
-2.70106	-7.81818
-2.60606	-7.85402
-2.52494	-7.88308
-2.45455	-7.90822
-2.36239	-7.93939
-2.30303	-7.95952
-2.26104	-7.97298
-2.15152	-8.00794
-2.01418	-8.04926
-2	-8.0535
-1.97473	-8.06061
-1.84848	-8.09619
-1.78208	-8.11373
-1.69697	-8.13601
-1.56129	-8.16915
-1.54545	-8.17297
-1.50598	-8.18182
-1.39394	-8.20701
-1.35141	-8.21584
-1.24242	-8.23812
-1.15054	-8.25533
-1.09091	-8.26629
-0.957546	-8.28851
-0.939394	-8.29147
-0.860031	-8.30303
-0.787879	-8.31358
